version https://git-lfs.github.com/spec/v1
oid sha256:94dc0755ff14c6ab5eeb05accefb9069bae4cfd70a0394fddf41420c6b7a43fe
size 1179057
